HISTORIARUM LIBROS.

3311 01110111, 3, 30. 43. 3, 11. 3310011 Victoria vt 1111, 33, 9

- Cereris, 3, 33. 33, 11. 41, 33 331111 plebei, 33 3111301 qui 001011111,

- 0101011113. 43. 110101101101111010111,33. senatusconsulta

- Concordia, 9, 43. 33, 33 33, 33. 111 edem (1111111 13 101 3111111 jubentur,

- Deorum 0111111011,43, lu 1113. 101 11111 Decemviralea in ac 11101111

- Dianae, 39,3 111 publico proposuime, 1001 qui 11113101,

- 11100133, 43. 34, 33 37. 111 negotium datum, 01 101011311111-

- 11100111, 33, 33 rent, ne qni, 0111 Romani. Dii colerentur,

— Portunn, 33, 19. 33, 7. 37, 11. 33 33, tou 10100110110301111311013310.113
37.43,13. Ludi. 331111 113111111000101111101111

- 1101111 Fortunae, 10, 43 37, 11. pater, qul cundi 11111 1131111, 1111113331.

- 101100031010111, 40, 40. 43, 3. 30, 19.

·- 1011001311011110111, 39, 33 34, 33. 43, 3111111 ex 3111130111110010111, 3, 43 7, 1.
13. per quatriduum 10301 10101101 iaciunt. 34,

- 111110111,31.33.33, 1.9. 30, 33. 43 1011101101 10301 Romanoa, 37, 3. 30,

- 1111001111010031, 10, 33 10.

- 11000111, 37, 33 331111 unde initium tumuerint 1011 ornandi,

— 10111 Aricioe, 34. 44 Care, 37, 33. 9, 40.
(1001111311. 1010111133, l. 31110111, 33, - 311001 1111111101 3111011011 1110110101
0. 1110101113. 1111. 33, 37. 01111133, 1111301101011111111 1010311101, 10, 13.
l. Satrici, 33, 11. 1111111011,33,11.40,43. 31110 3100111 peccunia, 33, 43 33, 10.

- 10111 Acrai, 38, 3 331111 incusantur 13110110, quod 0001110-

-101110111101101,1,33.334,30.37,4 3131110100101 11101 110113010311111010·
33, 1. 33, 41. 41, 331133 31 01 11101, 33, 1.

- 10111 Feretrii, 1, 10. 33. 4, 30. 33111111 1111311111110111, 30, 39.

- 10111 01111011 Maximi, 7, 3 33, 33. 331101 ader 111111 001011 1011 0131 aperire

·- 101111 31110111, 1, 13 37, 37. 1031010130, 17.

- 10111 Vicilini, 34 44 3301, pop. 3111111, 3, 34. 1111101. 104

- lunonis, 3, 31. 10, 3. 31, 33 31100111 mare, 44, 30, 39.

- 1000011 3111011030, tn 43, 33 111, inculte, 31, 10. 49. 33, 34. 33, 13.

- 1000011 nonem, 7, 33 43, 7. AEpp, 33.

- 10110011 Reginae, 37, 37. 39, 3 3111101, 0131, 0 primitur 13 Attalo, 31, 34.
- 1000011 ita, 3, 14 33, 30. 34, 33 3111110101, inrui, 39, 37. 110001 01113111-
- 1011111111, ,33. olentem claudit, 30, 34
- Larium Ρε11111111111111,40,33 311111,1111011, 37, 3033 30, 3. 7. 31, 14. 33,
- 313131131311ι,3,33. 41,33 30. 33, 43
-· Libertatia, 33 13. old Libertar. 3111110111, 44, 43. 43, 37.
- 1000111403. 3 'nium op 130111, 33, 13. 3313. 44, 40.
-·· 1111111, 3, 3. 7, 33 10, 33 37, 33. 33, 9. diripitur 1 1101011111, 43, 37.
33, 33. 311010, 33, 39. 131 Achaeorum 100011100133,
- Macrin Magnae, 39, 37. 33, 33 1331111031.
- 1111111 Matutae. 3,19. 7, 37. 33, 7. 33, 31111101, 3, 34
11. 33, 37. 41, 33. 3111101ωωί010103111111101 Macedonia,
-- 31111111, 33. 10. 33 31. at Antiochus 311111, 11111, 31, 14.
- Mercurii, 3, 31. 37. 31111ῑί11111 Romania gratulantur, 37,3
- minem, 33, 33. 3111110 excedere jubent Antiochum
- Monetae, 4, mu 3. 30. 33, 33 Epiphanem Romani, 43, 13
- Opia, 39, 33. C. 311111, 11130001 militum 1111111 11110011,
- Quirini, 4, 31. 3, 33. 10, 43. 30, 11. 111111
- 3110111, 9, 43 10, 1. 33, 11. C. 31101 311101, 100101, 40, 37.
- 311101, 33, 1. 1.. 3110131101, 1131111 1111311101, 10301 11011
- Saturni, 3, 31. 33, 1. 41, 331133. ex multaticia pecunia, 13, 33
- 31111,31,33.33,7. 40,31. P. 31101, inter primoa 1011110111 31 plebe
·- Summani, 33, 39. creatur, 4, 34.
- 31110111, 3, 41. Ρ. 31101, 1111101 13 Antiochum, 34, 39.
-·· Veneria, 10, 31. 39, 37. 41, 33 331101, 010111110010011131110010311, 41, 17.
-· Veneria liryciuoe, 331033313039. P. 3110111101, 111101, 4331011101, 43, 9.
40, 34 10. 111110110 1111100111,43,17.
-· 1111111, 33333311. Ρ.311011’11101,1011101,3, 13. 0
- 1111101111, 10, 33 39, 14 Ρ. 31101 Petne, 1111111111 1110110111,11110 111-
·-· virtutis, 37, 33. 39, 11. utun, ahit magistratu, 9, 7. augur, 10, 9.
- Vulcani, 33, 39. Ρ. 31101 Pania, 10101, 37, 33. 010111011111-
3311 311111 publice dirutm, 3, 41. 11010 Sp. tilentia, 41, 33.
Medi, 4, 13. 11 11110111, 3, 30. ι Ρ. 31101 11111103131111311011111111111101,

(³)

 

