HISTORIARUM LIBROS.

111111 81111111, 111811111811111 indosque. 811111, 1111111111 11111 1111111111 nd OEtnm,
mttimaxnm'nffffifflffi nimiunn 11111· Lysimachiam 11 0111111,
1111111111 (111111111811118111,88. hine 111· 88, 48.
11111111,111111111,11111111·11111,1111111- 8111111111, 11111111 nontin. 1181 oningin
1111 pont 11111111 1111111111 111111, ibid 888
1111 0..

1111111111,8,18 111111 1111111111, 1111111 11111111, 1818 11111111810111111,1111111·

mulctantur, 18, 81. in 1111111111 aguntur, 11111, 44, 48

88, 8 8111111, 111111, 11111 1 ’11811111ουὶ1 111-
- 81111111111111111111111111111111111· 1111, 81, 81.

1111, 81, 88. item pelvim 1111111, 87, 87. 1111111111 Rome, 88, 88

omnin (1111811 nge 111111111111111111 81111111 tem, 88, 18
1111111111, 88. (1811111111, (111111 crentur 111111, 41, 88
-cum 811111111811111111111181811111, 1111111 nd AEtnint mittitur, 88. 1111111

88, 14 iterum, 48, 8. 11111111811111111, 18. 11811
de 8111111111111111111 111, 84,1. 111· 87.

111 earnm luxum 111111 111111 1111111111, Τ. 8111111111, 1111111, 48, 7.

84, 8 Ι.. 11111111 111 defendit, 8 81111111111111111111111 11111111, 88, 88
18111111111111111 1111111111111111 11111111, 81111Ᾰ1811, 11181 AE ti, 48, 11 11 18

18, 88 nid. 181111111. 8111 11, 1111181111 111111, 81, 48
8111111 hinnit 1111111111 11111 0111111111- 81111111111111811111, 44, tt

1111 1111111, 88, 7. ont 11111 81111111. 81111111111118111 in 11111111, w, 88.
8111111, 81, 88 88, 17. 8111111111, mont, 84, 88.

811111111111, 81111111.1111.81111111.178 Agr. 8111111111, 1111111818 1111118111,

et 8111. 88 111118111111 montem 1111111111, 111111-
Maurusii, 81 48. 1111111111 reducit, 88. moritur, 88 ei
Maximi 1111111111 Q 1111111 11111111, 8, 48 1111111 11111 iuneti 11111111, 11181 1111
81111111, oppidum thnntidin 11111, 44, 8811 1111111, sextantibus 11111111 in 111111, 18111.

88 811.811111111,1111111111111111111111181111
811111, 111111, 88, 48 87, 48. deducendum, 4,11.

81111111, 11111 Pyrrhi 1111111111, 1111111111 Agr. 811111111 11111111, 111111, 818 111-

1111 Ι1111, 18, 47. 811111811111111111111111111111,48111-
8111111 111,161111111111111111,8, 84 111111 111147.

81, tn 0. 8111111111, nonnul, 8, 88.
81111111,111111111811111111,88, 11 et 18 11 8111111111111111,11111111,4, 18
8111111111, 88, 18 L. 811111111, 1111111111 militum contulari po·
811111111, 111111, tn, 8 1111111, 8, 8. secundum, 87.

8111111111, 1111111111111111111111111, 1, 88. Τ.811111111,1111111,111111111 11111 1111111111

vict et 88 111111, 8, 81. 11 diem. 1111111 1118111111-
Medullinus, 118 turim bin, 88 1111111111, 111 tert ignominium,
nedixnticuu, 11111111 11111811111111 nn· 1111111111 1111111111, 1818

11111111, 84, 18 88, 8. 81111111, Epiron, 88, 88 11111811111111111
81111111111111111111111111 Magno hinnit Μ’. 111111118118111,111111, 1818 8111111

111811,88,11 1111111111 iudi 1111111, 84, 11111111, 88, 10.

88 88, 88 811111111, dux Philippi, 87881111 111111
11881111188111118181 dmin& 81....

1118118881. 111111,111111 magnopoli 87. 1111111111, 1818 11111111111111111,

81111111111181111111με1111188, tt 1111111111 11111 Antiochi in 1111111111
811ςῦ111111, 88, 8. 88, 87. titt 811111111- 111111118888

111111, restituti in putrium nb Antigono, Μ1111,111111,1111111,88, 81. -

8111111111 1111, 88, 88 81111 Antigonensis, 111111111811111,48, 88
811111111181111 111111811111111 111111111- 811111111111, mni-tator 1111111811, 41, 88

daturum 1181 1111111111 1111111811 1111- 81111, 1111, 88, 18. 11 eden 1111 11. 011-

phana. 41, 88. 111111111111, 18111. 1111111111, 88, 81.
Meam, 1181 Sicilie. 84, 88. 11111 11 1111111 Monuni 1111111111 111111 111111, 7, 81.

1 81. Marcello. 88. 8111111111 111111111188, 81.
Megara, 11111 Gracia. 88, 7. 81, 88 8111111111 trium 11111111 111111 1111111111
Megisto, 11111,87, 881184. 111111, tnta
811111, nr in 8111111, 81, 80. utumque 8111111111111111111, 87, tn

811111, 87, 1. 81111111, 88, 17.

81111811181111111ωιῆ11, 888 nere-torum collegium, 8, 87.

 

